   2      51.98823      20.85781            17595319206.8
   2      52.18128      20.95328            18258677088.9
   2      51.96291      20.84425             3277214913.1
   2      52.13827      20.87259            19708955897.3
   2      52.02491      21.03838            14755053753.2
   2      51.90622      20.98508             6293068353.5
   2      52.19219      20.92314             2067639075.3
   2      51.92469      21.16266            15581411005.5
   2      51.99333      21.07860            13540613820.8
   2      52.19238      20.88294            14946606809.3
   2      51.90033      21.03925             2219484550.3
   2      51.94939      21.10985            12006637442.9
   2      51.97470      20.86300             7607523246.0
   2      51.92767      21.09389            17868677610.0
   2      52.16173      20.87522            17662751462.1
   2      52.17227      21.03192             6752012232.3
   2      52.00289      20.97771             3458402069.8
   2      52.00138      21.16503            18391440663.7
   2      51.85501      21.00465            11961271165.9
   2      51.97919      21.06850             8572197212.6
   2      52.17537      21.08864            13148889047.2
   2      51.90315      20.92657             6359977106.1
   2      51.92603      21.12365             3249437956.0
   2      52.00048      20.99163             8230769394.1
   2      52.02216      20.80884            10088800083.8
   2      51.82998      21.08674             5099739109.0
   2      51.91075      20.99792            13066713311.7
   2      52.04008      20.91670            16217587446.8
   2      51.92291      20.80362             6556663351.9
   2      52.16737      20.81159             1043353334.3
   2      52.15354      21.04030            18879440684.5
   2      51.97113      20.91392             3974273768.0
   2      52.00504      21.08569             2481438148.8
   2      52.00403      20.87150             9826110612.7
   2      52.17675      21.01688             2025522671.7
   2      52.03396      20.99616            15148272556.8
   2      52.14096      20.90481            16434993444.2
   2      51.97781      20.99109            12989889238.2
   2      52.10992      20.97041            11500727376.4
   2      51.90730      20.89675            14172447106.3