     .0001   -3.364E+01   -1.125E+01
     .0010   -3.356E+01   -1.125E+01
     .0100   -3.275E+01   -1.124E+01
     .0200   -3.186E+01   -1.121E+01
     .0300   -3.098E+01   -1.116E+01
     .0400   -3.012E+01   -1.109E+01
     .0600   -2.844E+01   -1.090E+01
     .0800   -2.687E+01   -1.065E+01
     .1000   -2.541E+01   -1.036E+01
     .1600   -2.180E+01   -9.368E+00
     .2000   -2.002E+01   -8.723E+00
     .2500   -1.836E+01   -8.024E+00
     .3000   -1.718E+01   -7.467E+00
     .4000   -1.571E+01   -6.725E+00
     .5000   -1.491E+01   -6.333E+00
     .6000   -1.441E+01   -6.150E+00
     .8000   -1.369E+01   -6.050E+00
    1.0000   -1.301E+01   -5.997E+00
    1.2000   -1.231E+01   -5.881E+00
    1.6000   -1.095E+01   -5.475E+00
    2.0000   -9.757E+00   -4.981E+00
    2.5000   -8.519E+00   -4.388E+00
    3.0000   -7.533E+00   -3.868E+00
    4.0000   -6.131E+00   -3.068E+00
    5.0000   -5.237E+00   -2.523E+00
    6.0000   -4.660E+00   -2.156E+00
    7.0000   -4.272E+00   -1.915E+00
    8.0000   -3.999E+00   -1.754E+00
    9.0000   -3.798E+00   -1.649E+00
   10.0000   -3.640E+00   -1.582E+00
   12.0000   -3.392E+00   -1.504E+00
   16.0000   -2.999E+00   -1.435E+00
   20.0000   -2.619E+00   -1.386E+00
   25.0000   -2.103E+00   -1.312E+00
   30.0000   -1.530E+00   -1.211E+00
   40.0000   -2.920E-01   -9.260E-01
   50.0000    8.480E-01   -5.920E-01
   60.0000    1.676E+00   -3.260E-01
   70.0000    2.083E+00   -2.230E-01
   80.0000    2.057E+00   -3.100E-01
   90.0000    1.643E+00   -5.550E-01
  100.0000    9.200E-01   -8.940E-01
  110.0000   -2.500E-02   -1.247E+00
  120.0000   -1.112E+00   -1.537E+00
  130.0000   -2.261E+00   -1.706E+00
  140.0000   -3.405E+00   -1.713E+00
  150.0000   -4.476E+00   -1.540E+00
  160.0000   -5.414E+00   -1.182E+00
  170.0000   -6.161E+00   -6.570E-01
  180.0000   -6.663E+00     .000E+00
