        generated_by     ICGEM (hosted at GFZ-Potsdam)
     generating_date     2021/12/21
----------------------------------------------------------------------
           modelname     EIGEN-6C4
     max_used_degree          2190
----------------------------------------------------------------------
         tide_system     tide_free
    zero_degree_term     included
----------------------------------------------------------------------
          refsysname     GRS80
   max_degree_refpot             8
            gmrefpot      3.98600500000E+14[m**3/s**2]
        radiusrefpot     6378137.000 m
          flatrefpot      3.352810681183638E-03   (1/298.25722210088)
         omegarefpot      7.29211500000E-05 1/s
----------------------------------------------------------------------
    number_of_points           167
      latlimit_north       54.827500000000    
      latlimit_south       49.104160000000    
      longlimit_west       14.341920000000    
      longlimit_east       23.607150000000    
----------------------------------------------------------------------
description of columns -----------------------------------------------
 1 identifier (from input)
 2 longitude  (from input)    [degree]
 3 latitude   (from input)    [degree]
 4 h_over_ell (from input)     [meter]
 -------------------------------------
 5 gravity_anomaly              [mGal]  gravity(h) - gamma(h-h_anomaly)   
----------------------------------------------------------------------

end_of_head ================================================================
KUT8          19.35997000   52.22748000  1.053540E+02 -4.858109505079E+00
7             17.75140000   54.54480000  2.128200E+01 -8.564787193421E+00
RYM_N         15.53817000   53.94521000  5.703100E+01  1.408528169851E+01
49            16.58581000   53.95390000  1.173270E+02 -3.326710959684E+00
57            17.40543000   53.99528000  1.728460E+02 -1.848774660154E+01
59            17.97564000   53.79454000  1.307770E+02 -3.532529493580E+01
54            17.53314000   53.45042000  1.137360E+02 -2.497976252833E+01
34            14.38884000   53.12744000  1.890100E+01 -1.446162211582E+01
61            17.93809000   53.31295000  6.729000E+01 -4.271895469365E+01
105           14.49396000   52.78498000  4.943200E+01 -1.560323483698E+01
119           15.75819000   52.96897000  6.201300E+01 -2.940627237766E+01
128           17.48949000   52.99251000  1.420220E+02 -2.522871145594E+00
2501          19.03338000   51.86839000  1.397190E+02 -2.646318407376E+01
106           14.64170000   52.59148000  1.526600E+01 -7.642920930806E+00
125           16.87537000   52.41556000  8.800000E+01 -5.252443057557E+00
109           15.07286000   52.31125000  1.060000E+02  1.395154769295E+01
108           15.09060000   52.05401000  8.108600E+01  1.110674657046E+01
115           16.12077000   52.11211000  6.815500E+01  1.107926917570E+01
123           16.64437000   52.08395000  6.824700E+01  4.934880117879E+00
BPD8          23.12484000   52.02408000  1.417350E+02 -1.256651499855E+01
SID8          18.70000000   51.57467000  1.542100E+02 -3.478061173112E+00
LOD9          19.41715000   51.77144000  1.972590E+02 -1.470411305959E+01
RWM8          20.26012000   51.75577000  1.489560E+02 -7.855418462022E+00
WLD8          23.55961000   51.53609000  1.555770E+02 -3.229771128481E+01
2507          19.70364000   51.15200000  2.364400E+02 -1.627230846424E+00
OPL8          21.97048000   51.15553000  1.458490E+02  1.356504334264E+01
CHE8          23.47658000   51.12505000  2.058340E+02 -3.707274792859E+01
KLC8          20.62831000   50.88009000  2.652610E+02  3.193086389004E+01
1901          23.48242000   50.88184000  3.066540E+02 -2.123953437092E+01
BUZ8          20.71418000   50.46399000  2.306920E+02  1.495476837068E+01
BIL8          22.72950000   50.53313000  2.009670E+02  2.831829106462E+01
309           23.58378000   50.60292000  2.876700E+02 -2.849223022476E+01
MLC8          21.97241000   50.07352000  2.223530E+02 -8.933131349309E-01
HOZ8          23.37036000   50.18718000  2.554380E+02 -1.534392821210E+01
KRO6          21.77600000   49.68655000  2.787630E+02 -2.021675732919E+01
PRZ8          22.76082000   49.78174000  2.015780E+02 -1.317189613683E+01
PL05          22.20083000   49.57583000  2.846730E+02 -2.880281006128E+01
USD8          22.57753000   49.43735000  5.133430E+02 -1.101161808528E+01
805           22.09700000   49.25367000  5.851130E+02  4.320375305973E+01
16            19.82810000   54.38534000  4.373000E+00 -3.480118410337E+00
27            22.86831000   54.36840000  2.614580E+02  1.094664269559E+01
23            21.74361000   54.21320000  1.220000E+02  1.497281653506E+00
66            18.92366000   53.73160000  4.548000E+01 -3.184784239298E+01
67            19.34977000   53.92339000  1.400000E+01 -6.414407816280E+00
EXC1          20.67083000   53.89085000  1.553950E+02  1.553732586075E+01
64            18.62948000   53.58926000  7.691600E+01 -4.912916310182E+01
68            19.08605000   53.51697000  9.346600E+01 -3.638243737818E+01
79            20.28291000   53.58370000  1.694960E+02  1.546497615159E+01
78            20.43029000   53.35968000  1.887060E+02  2.206932099167E+01
87            21.34562000   53.59857000  1.342640E+02  1.879517580647E+01
91            21.93707000   53.40606000  1.179010E+02  9.674896053014E+00
97            22.79028000   53.40448000  1.836410E+02  6.201394577765E+00
102           23.35479000   53.65201000  1.524520E+02  6.260537724501E+00
69            18.94711000   53.27510000  1.033400E+02 -4.948221476475E+01
71            19.40054000   53.25792000  7.217700E+01 -3.088867523164E+01
83            20.89563000   53.25738000  1.256530E+02  2.069939019957E+01
137           18.25999000   52.80042000  1.011750E+02 -3.165994683805E+01
148           20.19891000   52.38941000  9.165100E+01  4.702626288378E-02
160           21.46070000   52.59404000  9.705700E+01 -8.132041086206E+00
163           22.25225000   52.40871000  1.678130E+02 -2.699292806785E+01
BAR8          20.80340000   54.25569000  4.616100E+01 -1.022475319434E+01
135           18.25406000   52.20412000  8.555000E+01 -2.878174140424E+01
150           19.93368000   52.10279000  8.625100E+01 -1.844839234479E+01
161           21.57223000   52.18006000  1.493750E+02 -2.054431649263E+01
5802          22.27059000   54.27727000  2.007690E+02  8.387291570600E+00
GIZ8          21.76694000   54.03249000  1.070070E+02  7.553902620394E+00
173           23.60715000   52.07402000  1.337200E+02 -2.191270892560E+01
SWK8          22.92618000   54.10029000  1.690540E+02  2.121857450614E+01
5605          20.33805000   54.01641000  1.477380E+02  8.456629750420E+00
4501          19.76633000   53.84234000  1.358340E+02  5.324375804250E-01
OLS8          20.49576000   53.77231000  1.424970E+02  1.391858742394E+01
PL03          22.35944000   53.73417000  1.262170E+02 -2.461867621584E+00
ILA8          19.55446000   53.58687000  1.246240E+02 -1.003934186432E+01
MYS8          21.34600000   53.38263000  1.264190E+02  1.394827086383E+01
SOK8          23.50682000   53.40720000  1.643030E+02  3.218015599593E+00
3706          21.21223000   52.98188000  1.111600E+02  4.559727084619E+00
LOM8          22.09166000   53.16388000  1.446730E+02  5.164247086498E+00
BIA8          23.14757000   53.12018000  1.480760E+02 -3.590319189684E+00
SIP8          19.65208000   52.86027000  1.175260E+02 -1.289011123102E+01
CCH8          20.61792000   52.88419000  1.126900E+02  1.145403860505E+01
OSM8          21.89203000   52.79733000  1.187450E+02 -1.065246973901E+01
BRS8          22.83465000   52.75041000  1.327880E+02 -2.569175402289E+01
HAJ8          23.55887000   52.73237000  1.646670E+02  1.137846843537E+01
BOG8          21.03420000   52.47469000  1.082230E+02 -6.837237842916E+00
SOC8          20.24144000   52.22057000  8.777600E+01 -8.481788131398E+00
JOZ8          21.03278000   52.09855000  1.076090E+02 -9.223210248344E+00
RYK8          21.93820000   51.62414000  1.415100E+02  1.753570172944E+01
177           15.53203000   51.96528000  9.400000E+01  2.486839499856E+01
187           16.57217000   51.84854000  9.434600E+01  2.632282286772E+01
195           17.49885000   51.97088000  1.202640E+02  3.989773027513E+00
179           15.52960000   51.56478000  1.237100E+02  3.039789370654E+01
180           15.56631000   51.26255000  1.930610E+02  6.090636509626E+00
242           16.10485000   50.92088000  3.329160E+02  4.473883177543E+01
243           16.03541000   50.78001000  4.424410E+02  4.248307466632E+01
246           16.70493000   50.89288000  2.033120E+02  2.702889775410E+01
253           17.28267000   50.95002000  1.291820E+02  1.073578018129E+00
301           18.32649000   54.82750000  4.147700E+01 -1.449815300401E+01
251           17.35129000   50.45584000  1.934530E+02 -6.441003508328E+00
RED8          17.11841000   54.47167000  5.626200E+01 -1.655354388674E-01
5403          18.43221000   54.46071000  1.719790E+02 -4.231742487804E+00
4001          14.81746000   53.93241000  1.388800E+01  2.594392936039E+00
KOS8          16.17792000   54.19402000  2.058600E+01 -2.103260145780E+00
KOS6          18.00010000   54.12736000  1.843140E+02  1.657265997856E+00
5501          19.08789000   54.28769000  1.216000E+00 -8.584092232056E+00
STR8          18.50610000   53.96876000  9.999200E+01 -1.678118624682E+01
4002          14.34192000   53.84583000  1.343000E+00 -1.503918508234E+01
CHO8          17.54639000   53.69354000  1.503620E+02 -2.226758931005E+01
GOL8          14.83539000   53.57088000  6.368500E+01 -1.570514910103E+01
DRW8          15.81247000   53.53755000  1.159080E+02  1.489321477521E+00
4206          16.94281000   53.44089000  1.408460E+02  1.008936100533E+00
CHN8          15.40019000   53.15469000  6.032000E+01 -2.382895854716E+01
4208          16.28778000   53.22972000  1.433840E+02 -1.536445837047E+00
3404          18.76577000   52.58755000  9.757100E+01 -2.409494424249E+01
221           21.61784000   51.89765000  1.322260E+02  7.601566966287E+00
232           22.37740000   51.92998000  1.610050E+02 -1.761083264142E+01
352           23.55415000   51.76318000  1.544200E+02 -1.691782927811E+01
PIT_N         19.65629000   51.46984000  2.057190E+02 -1.205549723764E+01
213           20.58226000   51.61576000  1.581540E+02  2.716651149370E-01
218           21.12304000   51.40240000  1.616110E+02  1.492962841478E+01
224           21.57140000   51.35857000  1.644420E+02  1.699684412078E+01
PPI8          16.74445000   53.15925000  6.053800E+01  7.370838813969E-01
235           22.89996000   51.63742000  1.498170E+02 -2.693424398021E+01
217           20.85780000   51.13254000  3.136360E+02  4.021457499892E+01
284           21.21933000   51.02590000  1.928520E+02  2.552395822430E+01
LUB_N         22.50587000   51.27039000  2.160620E+02  2.757184615163E+01
CYC_N         23.13417000   51.30192000  1.713710E+02 -4.216605465004E+01
255           18.21932000   50.97036000  1.823450E+02  2.192663943408E+01
286           21.85830000   50.88389000  1.876690E+02  1.583205051894E+01
WYS_N         22.66639000   50.91005000  2.398420E+02  3.362202761377E+01
261           18.30109000   50.51209000  2.339230E+02  3.806734075216E+01
265           18.62712000   50.39896000  2.269700E+02  3.716552224642E+01
275           20.02633000   50.35737000  2.968940E+02  3.380247473679E+01
288           21.54082000   50.49837000  1.530550E+02  1.400500311828E+01
295           22.14260000   50.51825000  1.597780E+02  1.633215536376E+01
267           18.20551000   50.08733000  1.913660E+02  1.926437604443E+01
277           19.22000000   50.03709000  2.446500E+02  3.684891504303E+01
311           18.51070000   49.91463000  2.420160E+02  2.825349590907E+01
323           19.93630000   49.83406000  3.056420E+02  1.490468073602E+01
324           20.42416000   49.96857000  2.412330E+02  1.213231697506E+01
331           20.92448000   49.98854000  2.214530E+02  8.959438138945E-01
314           19.00670000   49.53779000  6.746980E+02  2.767719780081E+01
320           19.69737000   49.48030000  6.204900E+02  1.165397452620E+01
326           20.43671000   49.55943000  3.697160E+02 -7.846350371921E+00
333           20.94871000   49.62966000  3.681290E+02 -1.160009403538E+01
328           20.71585000   49.44072000  3.931120E+02  1.459087042921E+01
USG_N         22.65030000   49.10416000  6.598880E+02  5.519908558576E+01
GWW9          15.19022000   52.74746000  1.171950E+02 -8.107876945296E+00
PL02          15.55250000   52.57833000  6.494100E+01 -7.633808884755E+00
WRK8          16.36430000   52.71562000  5.556400E+01 -2.662616672087E+01
GNI8          17.58454000   52.52846000  1.798600E+01 -2.057961534430E+01
NTM8          16.11883000   52.31845000  7.413400E+01 -4.382854563012E+00
BOR4          17.07404000   52.27506000  8.084800E+01 -1.007220304494E+00
ZAR8          15.16164000   51.64467000  1.467170E+02  1.877680688391E+01
GLO8          16.05095000   51.65827000  1.203730E+02  2.201678477274E+01
2304          17.09995000   51.62822000  1.088510E+02  2.239778973525E+01
2402          18.36019000   51.70181000  1.448890E+02 -2.894662110720E+00
2108          15.03345000   51.18849000  2.157730E+02  1.161851409321E+01
LEG8          16.16397000   51.19829000  1.226570E+02  1.307618251207E+01
2309          17.10823000   51.20025000  1.384260E+02  1.070227734274E+01
KEP8          17.97637000   51.28361000  1.666380E+02  2.566684552736E+01
2110          15.62400000   51.00259000  4.815070E+02  1.894800282827E+01
KLD8          16.64839000   50.42797000  2.903060E+02  2.516262725543E+01
KLO8          18.94035000   50.91213000  2.349730E+02  2.249742947384E+01
PL01          19.20194000   50.51222000  3.272170E+02  4.606092393189E+01
LEL8          19.63307000   50.68504000  2.550260E+02  2.158480677945E+01
KAT8          19.04334000   50.24772000  2.608690E+02  4.192564078629E+01
ZYW8          19.19145000   49.68822000  3.460500E+02  7.909403236894E+00
