KUT8	52.22748	19.35997	105.354	981226.657
7	54.54480	17.75140	21.282	981450.816
RYM_N	53.94521	15.53817	57.031	981414.617
49	53.95390	16.58581	117.327	981375.341
57	53.99528	17.40543	172.846	981350.237
59	53.79454	17.97564	130.777	981326.372
54	53.45042	17.53314	113.736	981309.714
34	53.12744	14.38884	18.901	981324.688
61	53.31295	17.93809	67.290	981294.195
105	52.78498	14.49396	49.432	981285.383
119	52.96897	15.75819	62.013	981281.424
128	52.99251	17.48949	142.022	981289.973
2501	51.86839	19.03338	139.719	981164.855
106	52.59148	14.64170	15.266	981286.501
125	52.41556	16.87537	88.000	981250.482
109	52.31125	15.07286	106.000	981255.709
108	52.05401	15.09060	81.086	981240.740
115	52.11211	16.12077	68.155	981247.615
123	52.08395	16.64437	68.247	981236.768
BPD8	52.02408	23.12484	141.735	981193.007
SID8	51.57467	18.70000	154.210	981157.555
LOD9	51.77144	19.41715	197.259	981150.653
RWM8	51.75577	20.26012	148.956	981169.848
WLD8	51.53609	23.55961	155.577	981125.116
2507	51.15200	19.70364	236.440	981096.954
OPL8	51.15553	21.97048	145.849	981140.320
CHE8	51.12505	23.47658	205.834	981069.334
KLC8	50.88009	20.62831	265.261	981097.973
1901	50.88184	23.48242	306.654	981036.971
BUZ8	50.46399	20.71418	230.692	981056.030
BIL8	50.53313	22.72950	200.967	981079.659
309	50.60292	23.58378	287.670	981010.875
MLC8	50.07352	21.97241	222.353	981005.516
HOZ8	50.18718	23.37036	255.438	980990.362
KRO6	49.68655	21.77600	278.763	980931.206
PRZ8	49.78174	22.76082	201.578	980969.910
PL05	49.57583	22.20083	284.673	980908.035
USD8	49.43735	22.57753	513.343	980849.882
805	49.25367	22.09700	585.113	980862.345
16	54.38534	19.82810	4.373	981448.914
27	54.36840	22.86831	261.458	981385.441
23	54.21320	21.74361	122.000	981401.909
66	53.73160	18.92366	45.480	981352.067
67	53.92339	19.34977	14.000	981400.582
EXC1	53.89085	20.67083	155.395	981377.947
64	53.58926	18.62948	76.916	981313.992
68	53.51697	19.08605	93.466	981314.859
79	53.58370	20.28291	169.496	981347.558
78	53.35968	20.43029	188.706	981328.078
87	53.59857	21.34562	134.264	981363.098
91	53.40606	21.93707	117.901	981341.444
97	53.40448	22.79028	183.641	981320.511
102	53.65201	23.35479	152.452	981350.098
69	53.27510	18.94711	103.340	981277.553
71	53.25792	19.40054	72.177	981299.918
83	53.25738	20.89563	125.653	981337.128
137	52.80042	18.25999	101.175	981251.359
148	52.38941	20.19891	91.651	981253.368
160	52.59404	21.46070	97.057	981262.048
163	52.40871	22.25225	167.813	981203.162
BAR8	54.25569	20.80340	46.161	981416.330
135	52.20412	18.25406	85.550	981207.727
150	52.10279	19.93368	86.251	981209.809
161	52.18006	21.57223	149.375	981195.753
5802	54.27727	22.27059	200.769	981391.837
GIZ8	54.03249	21.76694	107.007	981393.506
173	52.07402	23.60715	133.720	981190.592
SWK8	54.10029	22.92618	169.054	981397.493
5605	54.01641	20.33805	147.738	981385.876
4501	53.84234	19.76633	135.834	981368.009
OLS8	53.77231	20.49576	142.497	981372.129
PL03	53.73417	22.35944	126.217	981354.149
ILA8	53.58687	19.55446	124.624	981337.842
MYS8	53.38263	21.34600	126.419	981340.802
SOK8	53.40720	23.50682	164.303	981323.240
3706	52.98188	21.21223	111.160	981303.468
LOM8	53.16388	22.09166	144.673	981308.450
BIA8	53.12018	23.14757	148.076	981295.691
SIP8	52.86027	19.65208	117.526	981272.979
CCH8	52.88419	20.61792	112.690	981299.102
OSM8	52.79733	21.89203	118.745	981268.117
BRS8	52.75041	22.83465	132.788	981246.371
HAJ8	52.73237	23.55887	164.667	981271.715
BOG8	52.47469	21.03420	108.223	981250.098
SOC8	52.22057	20.24144	87.776	981231.140
JOZ8	52.09855	21.03278	107.609	981213.528
RYK8	51.62414	21.93820	141.510	981185.631
177	51.96528	15.53203	94.000	981236.625
187	51.84854	16.57217	94.346	981231.653
195	51.97088	17.49885	120.264	981210.742
179	51.56478	15.52960	123.710	981200.500
180	51.26255	15.56631	193.061	981122.655
242	50.92088	16.10485	332.916	981086.121
243	50.78001	16.03541	442.441	981036.351
246	50.89288	16.70493	203.312	981104.984
253	50.95002	17.28267	129.182	981115.416
301	54.82750	18.32649	41.477	981467.233
251	50.45584	17.35129	193.453	981037.682
RED8	54.47167	17.11841	56.262	981443.309
5403	54.46071	18.43221	171.979	981405.923
4001	53.93241	14.81746	13.888	981416.530
KOS8	54.19402	16.17792	20.586	981430.846
KOS6	54.12736	18.00010	184.314	981376.763
5501	54.28769	19.08789	1.216	981437.974
STR8	53.96876	18.50610	99.992	981369.983
4002	53.84583	14.34192	1.343	981393.119
CHO8	53.69354	17.54639	150.362	981323.986
GOL8	53.57088	14.83539	63.685	981363.912
DRW8	53.53755	15.81247	115.908	981346.296
4206	53.44089	16.94281	140.846	981330.229
CHN8	53.15469	15.40019	60.320	981304.613
4208	53.22972	16.28778	143.384	981309.261
3404	52.58755	18.76577	97.571	981244.060
221	51.89765	21.61784	132.226	981202.590
232	51.92998	22.37740	161.005	981172.789
352	51.76318	23.55415	154.420	981158.404
PIT_N	51.46984	19.65629	205.719	981122.909
213	51.61576	20.58226	158.154	981166.334
218	51.40240	21.12304	161.611	981157.328
224	51.35857	21.57140	164.442	981156.476
PPI8	53.15925	16.74445	60.538	981329.622
235	51.63742	22.89996	149.817	981140.535
217	51.13254	20.85780	313.636	981119.417
284	51.02590	21.21933	192.852	981124.365
LUB_N	51.27039	22.50587	216.062	981141.925
CYC_N	51.30192	23.13417	171.371	981089.181
255	50.97036	18.21932	182.345	981119.778
286	50.88389	21.85830	187.669	981110.457
WYS_N	50.91005	22.66639	239.842	981108.916
261	50.51209	18.30109	233.923	981079.755
265	50.39896	18.62712	226.970	981069.538
275	50.35737	20.02633	296.894	981042.899
288	50.49837	21.54082	153.055	981079.650
295	50.51825	22.14260	159.778	981081.145
267	50.08733	18.20551	191.366	981032.983
277	50.03709	19.22000	244.650	981034.173
311	49.91463	18.51070	242.016	981014.507
323	49.83406	19.93630	305.642	980970.468
324	49.96857	20.42416	241.233	981006.450
331	49.98854	20.92448	221.453	981000.206
314	49.53779	19.00670	674.698	980855.955
320	49.48030	19.69737	620.490	980840.742
326	49.55943	20.43671	369.716	980892.524
333	49.62966	20.94871	368.129	980904.858
328	49.44072	20.71585	393.112	980881.408
USG_N	49.10416	22.65030	659.888	980819.809
GWW9	52.74746	15.19022	117.195	981285.724
PL02	52.57833	15.55250	64.941	981272.052
WRK8	52.71562	16.36430	55.564	981265.577
GNI8	52.52846	17.58454	17.986	981235.446
NTM8	52.31845	16.11883	74.134	981247.527
BOR4	52.27506	17.07404	80.848	981245.310
ZAR8	51.64467	15.16164	146.717	981187.956
GLO8	51.65827	16.05095	120.373	981205.760
2304	51.62822	17.09995	108.851	981203.106
2402	51.70181	18.36019	144.889	981172.604
2108	51.18849	15.03345	215.773	981124.712
LEG8	51.19829	16.16397	122.657	981149.029
2309	51.20025	17.10823	138.426	981146.261
KEP8	51.28361	17.97637	166.638	981157.604
2110	51.00259	15.62400	481.507	981044.363
KLD8	50.42797	16.64839	290.306	981041.038
KLO8	50.91213	18.94035	234.973	981097.167
PL01	50.51222	19.20194	327.217	981064.548
LEL8	50.68504	19.63307	255.026	981072.675
KAT8	50.24772	19.04334	260.869	981049.978
ZYW8	49.68822	19.19145	346.050	980941.043
