        generated_by     ICGEM (hosted at GFZ-Potsdam)
     generating_date     2021/12/20
----------------------------------------------------------------------
           modelname     ULux_CHAMP2013s
     max_used_degree           120
----------------------------------------------------------------------
         tide_system     zero_tide
    zero_degree_term     included
----------------------------------------------------------------------
          refsysname     GRS80
   max_degree_refpot             8
            gmrefpot      3.98600500000E+14[m**3/s**2]
        radiusrefpot     6378137.000 m
          flatrefpot      3.352810681183638E-03   (1/298.25722210088)
         omegarefpot      7.29211500000E-05 1/s
----------------------------------------------------------------------
    number_of_points           167
      latlimit_north       54.827500000000    
      latlimit_south       49.104160000000    
      longlimit_west       14.341920000000    
      longlimit_east       23.607150000000    
----------------------------------------------------------------------
description of columns -----------------------------------------------
 1 identifier (from input)
 2 longitude  (from input)    [degree]
 3 latitude   (from input)    [degree]
 4 h_over_ell (from input)     [meter]
 -------------------------------------
 5 gravity_anomaly              [mGal]  gravity(h) - gamma(h-h_anomaly)   
----------------------------------------------------------------------

end_of_head ================================================================
KUT8          19.35997000   52.22748000  1.053540E+02 -7.458867778354E+00
7             17.75140000   54.54480000  2.128200E+01 -7.544602480891E+00
RYM_N         15.53817000   53.94521000  5.703100E+01  5.343945679925E+00
49            16.58581000   53.95390000  1.173270E+02  5.201127036614E-01
57            17.40543000   53.99528000  1.728460E+02 -8.072651792368E+00
59            17.97564000   53.79454000  1.307770E+02 -1.757441932018E+01
54            17.53314000   53.45042000  1.137360E+02 -1.599169714765E+01
34            14.38884000   53.12744000  1.890100E+01  2.290229024382E+00
61            17.93809000   53.31295000  6.729000E+01 -2.258596012386E+01
105           14.49396000   52.78498000  4.943200E+01  2.084369153721E-01
119           15.75819000   52.96897000  6.201300E+01 -2.228242764524E+00
128           17.48949000   52.99251000  1.420220E+02 -1.803014533728E+01
2501          19.03338000   51.86839000  1.397190E+02  5.539243474750E+00
106           14.64170000   52.59148000  1.526600E+01 -1.347001565044E+00
125           16.87537000   52.41556000  8.800000E+01 -1.042294618419E+01
109           15.07286000   52.31125000  1.060000E+02 -3.693330615739E+00
108           15.09060000   52.05401000  8.108600E+01 -2.776109645808E+00
115           16.12077000   52.11211000  6.815500E+01 -5.624423036643E+00
123           16.64437000   52.08395000  6.824700E+01 -6.154082136156E+00
BPD8          23.12484000   52.02408000  1.417350E+02 -3.357161302020E+00
SID8          18.70000000   51.57467000  1.542100E+02  1.327446423360E+01
LOD9          19.41715000   51.77144000  1.972590E+02  1.120137233013E+01
RWM8          20.26012000   51.75577000  1.489560E+02  1.297721696893E+01
WLD8          23.55961000   51.53609000  1.555770E+02 -1.808264337075E+01
2507          19.70364000   51.15200000  2.364400E+02  2.993730488132E+01
OPL8          21.97048000   51.15553000  1.458490E+02 -5.940363974943E+00
CHE8          23.47658000   51.12505000  2.058340E+02 -2.996358882097E+01
KLC8          20.62831000   50.88009000  2.652610E+02  2.824108145099E+01
1901          23.48242000   50.88184000  3.066540E+02 -3.437529710286E+01
BUZ8          20.71418000   50.46399000  2.306920E+02  3.075811777613E+01
BIL8          22.72950000   50.53313000  2.009670E+02 -2.673646541957E+01
309           23.58378000   50.60292000  2.876700E+02 -3.616989762403E+01
MLC8          21.97241000   50.07352000  2.223530E+02  2.341706644948E+00
HOZ8          23.37036000   50.18718000  2.554380E+02 -3.169183724570E+01
KRO6          21.77600000   49.68655000  2.787630E+02  1.581100186527E+01
PRZ8          22.76082000   49.78174000  2.015780E+02 -1.267124446258E+01
PL05          22.20083000   49.57583000  2.846730E+02  6.533865305514E+00
USD8          22.57753000   49.43735000  5.133430E+02  6.641155701814E-01
805           22.09700000   49.25367000  5.851130E+02  1.505407774864E+01
16            19.82810000   54.38534000  4.373000E+00 -1.073965285840E+01
27            22.86831000   54.36840000  2.614580E+02  5.713030243193E+00
23            21.74361000   54.21320000  1.220000E+02  2.640122697883E+00
66            18.92366000   53.73160000  4.548000E+01 -2.653330588256E+01
67            19.34977000   53.92339000  1.400000E+01 -2.320145954133E+01
EXC1          20.67083000   53.89085000  1.553950E+02 -1.364604770853E+01
64            18.62948000   53.58926000  7.691600E+01 -2.707000396480E+01
68            19.08605000   53.51697000  9.346600E+01 -3.016620282921E+01
79            20.28291000   53.58370000  1.694960E+02 -2.345887006179E+01
78            20.43029000   53.35968000  1.887060E+02 -2.375421656922E+01
87            21.34562000   53.59857000  1.342640E+02 -9.107196692248E+00
91            21.93707000   53.40606000  1.179010E+02 -2.129410528973E+00
97            22.79028000   53.40448000  1.836410E+02  6.467358591777E+00
102           23.35479000   53.65201000  1.524520E+02  7.816039480169E+00
69            18.94711000   53.27510000  1.033400E+02 -3.138397361422E+01
71            19.40054000   53.25792000  7.217700E+01 -3.179547858121E+01
83            20.89563000   53.25738000  1.256530E+02 -1.764494278351E+01
137           18.25999000   52.80042000  1.011750E+02 -2.397840799837E+01
148           20.19891000   52.38941000  9.165100E+01 -9.785705005960E+00
160           21.46070000   52.59404000  9.705700E+01 -4.894375351228E+00
163           22.25225000   52.40871000  1.678130E+02  1.327693556519E+00
BAR8          20.80340000   54.25569000  4.616100E+01 -4.697809539778E+00
135           18.25406000   52.20412000  8.555000E+01 -9.437074425733E+00
150           19.93368000   52.10279000  8.625100E+01 -1.670052961700E-01
161           21.57223000   52.18006000  1.493750E+02  3.870107789794E-03
5802          22.27059000   54.27727000  2.007690E+02  5.474437370800E+00
GIZ8          21.76694000   54.03249000  1.070070E+02  6.807946634879E-01
173           23.60715000   52.07402000  1.337200E+02 -1.217525333175E+00
SWK8          22.92618000   54.10029000  1.690540E+02  5.843675096351E+00
5605          20.33805000   54.01641000  1.477380E+02 -1.464885064824E+01
4501          19.76633000   53.84234000  1.358340E+02 -2.329360678601E+01
OLS8          20.49576000   53.77231000  1.424970E+02 -1.799723080449E+01
PL03          22.35944000   53.73417000  1.262170E+02  3.273264120374E+00
ILA8          19.55446000   53.58687000  1.246240E+02 -2.891348858771E+01
MYS8          21.34600000   53.38263000  1.264190E+02 -1.057677292788E+01
SOK8          23.50682000   53.40720000  1.643030E+02  9.431242275504E+00
3706          21.21223000   52.98188000  1.111600E+02 -1.190111756983E+01
LOM8          22.09166000   53.16388000  1.446730E+02 -2.713058682602E-01
BIA8          23.14757000   53.12018000  1.480760E+02  9.285825338168E+00
SIP8          19.65208000   52.86027000  1.175260E+02 -2.680326118085E+01
CCH8          20.61792000   52.88419000  1.126900E+02 -1.869069771701E+01
OSM8          21.89203000   52.79733000  1.187450E+02 -1.844245013771E+00
BRS8          22.83465000   52.75041000  1.327880E+02  6.766533043567E+00
HAJ8          23.55887000   52.73237000  1.646670E+02  9.987873770889E+00
BOG8          21.03420000   52.47469000  1.082230E+02 -6.609909814514E+00
SOC8          20.24144000   52.22057000  8.777600E+01 -3.594630338988E+00
JOZ8          21.03278000   52.09855000  1.076090E+02  1.478679139311E+00
RYK8          21.93820000   51.62414000  1.415100E+02 -2.313533793696E+00
177           15.53203000   51.96528000  9.400000E+01 -3.048605771561E+00
187           16.57217000   51.84854000  9.434600E+01 -2.444793661560E+00
195           17.49885000   51.97088000  1.202640E+02 -4.087048590229E+00
179           15.52960000   51.56478000  1.237100E+02  3.929284695481E+00
180           15.56631000   51.26255000  1.930610E+02  1.179104006361E+01
242           16.10485000   50.92088000  3.329160E+02  1.939935449702E+01
243           16.03541000   50.78001000  4.424410E+02  2.348716981455E+01
246           16.70493000   50.89288000  2.033120E+02  1.667693245135E+01
253           17.28267000   50.95002000  1.291820E+02  1.450779792744E+01
301           18.32649000   54.82750000  4.147700E+01 -9.620602629390E+00
251           17.35129000   50.45584000  1.934530E+02  1.742837974454E+01
RED8          17.11841000   54.47167000  5.626200E+01 -2.767807875337E+00
5403          18.43221000   54.46071000  1.719790E+02 -1.197660215748E+01
4001          14.81746000   53.93241000  1.388800E+01  3.832137236337E+00
KOS8          16.17792000   54.19402000  2.058600E+01  3.637503363052E+00
KOS6          18.00010000   54.12736000  1.843140E+02 -1.310614808041E+01
5501          19.08789000   54.28769000  1.216000E+00 -1.573578580096E+01
STR8          18.50610000   53.96876000  9.999200E+01 -1.989301463983E+01
4002          14.34192000   53.84583000  1.343000E+00  2.122480243472E+00
CHO8          17.54639000   53.69354000  1.503620E+02 -1.337896085278E+01
GOL8          14.83539000   53.57088000  6.368500E+01  4.333584417182E+00
DRW8          15.81247000   53.53755000  1.159080E+02  3.164809410805E+00
4206          16.94281000   53.44089000  1.408460E+02 -8.050875080201E+00
CHN8          15.40019000   53.15469000  6.032000E+01  1.219647744222E+00
4208          16.28778000   53.22972000  1.433840E+02 -3.113424381596E+00
3404          18.76577000   52.58755000  9.757100E+01 -2.131818515050E+01
221           21.61784000   51.89765000  1.322260E+02  1.701225356143E+00
232           22.37740000   51.92998000  1.610050E+02 -3.435705002985E+00
352           23.55415000   51.76318000  1.544200E+02 -1.070447485638E+01
PIT_N         19.65629000   51.46984000  2.057190E+02  2.229187398903E+01
213           20.58226000   51.61576000  1.581540E+02  1.553809428696E+01
218           21.12304000   51.40240000  1.616110E+02  1.271739944411E+01
224           21.57140000   51.35857000  1.644420E+02  4.052757393325E+00
PPI8          16.74445000   53.15925000  6.053800E+01 -8.410446953633E+00
235           22.89996000   51.63742000  1.498170E+02 -1.339576337163E+01
217           20.85780000   51.13254000  3.136360E+02  2.109970661461E+01
284           21.21933000   51.02590000  1.928520E+02  1.439995155437E+01
LUB_N         22.50587000   51.27039000  2.160620E+02 -1.688125208066E+01
CYC_N         23.13417000   51.30192000  1.713710E+02 -2.435384769228E+01
255           18.21932000   50.97036000  1.823450E+02  1.916776654127E+01
286           21.85830000   50.88389000  1.876690E+02 -3.085718529050E+00
WYS_N         22.66639000   50.91005000  2.398420E+02 -2.492532487732E+01
261           18.30109000   50.51209000  2.339230E+02  1.975159686918E+01
265           18.62712000   50.39896000  2.269700E+02  2.247874706640E+01
275           20.02633000   50.35737000  2.968940E+02  3.644255276605E+01
288           21.54082000   50.49837000  1.530550E+02  9.765595924094E+00
295           22.14260000   50.51825000  1.597780E+02 -1.010921267728E+01
267           18.20551000   50.08733000  1.913660E+02  1.605126556541E+01
277           19.22000000   50.03709000  2.446500E+02  2.791271990112E+01
311           18.51070000   49.91463000  2.420160E+02  1.742044538151E+01
323           19.93630000   49.83406000  3.056420E+02  3.585945595450E+01
324           20.42416000   49.96857000  2.412330E+02  3.679591823520E+01
331           20.92448000   49.98854000  2.214530E+02  3.138137595062E+01
314           19.00670000   49.53779000  6.746980E+02  2.258115872031E+01
320           19.69737000   49.48030000  6.204900E+02  3.279999930221E+01
326           20.43671000   49.55943000  3.697160E+02  3.794618622095E+01
333           20.94871000   49.62966000  3.681290E+02  3.408153855808E+01
328           20.71585000   49.44072000  3.931120E+02  3.724783079075E+01
USG_N         22.65030000   49.10416000  6.598880E+02  6.391991233734E+00
GWW9          15.19022000   52.74746000  1.171950E+02 -2.061745054682E+00
PL02          15.55250000   52.57833000  6.494100E+01 -4.564906799942E+00
WRK8          16.36430000   52.71562000  5.556400E+01 -7.950777190580E+00
GNI8          17.58454000   52.52846000  1.798600E+01 -1.547709714558E+01
NTM8          16.11883000   52.31845000  7.413400E+01 -6.943640036638E+00
BOR4          17.07404000   52.27506000  8.084800E+01 -9.610498267065E+00
ZAR8          15.16164000   51.64467000  1.467170E+02  2.894681611210E+00
GLO8          16.05095000   51.65827000  1.203730E+02  1.258922691427E+00
2304          17.09995000   51.62822000  1.088510E+02  2.499586151039E+00
2402          18.36019000   51.70181000  1.448890E+02  6.980277549395E+00
2108          15.03345000   51.18849000  2.157730E+02  1.516897068488E+01
LEG8          16.16397000   51.19829000  1.226570E+02  1.196989883976E+01
2309          17.10823000   51.20025000  1.384260E+02  1.079949263545E+01
KEP8          17.97637000   51.28361000  1.666380E+02  1.358333649435E+01
2110          15.62400000   51.00259000  4.815070E+02  1.939905554025E+01
KLD8          16.64839000   50.42797000  2.903060E+02  2.412708817037E+01
KLO8          18.94035000   50.91213000  2.349730E+02  2.724613020249E+01
PL01          19.20194000   50.51222000  3.272170E+02  3.041109477984E+01
LEL8          19.63307000   50.68504000  2.550260E+02  3.444691153334E+01
KAT8          19.04334000   50.24772000  2.608690E+02  2.683843223377E+01
ZYW8          19.19145000   49.68822000  3.460500E+02  2.574022623634E+01
