        generated_by     ICGEM (hosted at GFZ-Potsdam)
     generating_date     2021/12/11
----------------------------------------------------------------------
           modelname     ULux_CHAMP2013s
     max_used_degree           120
----------------------------------------------------------------------
         tide_system     zero_tide
    zero_degree_term     included
----------------------------------------------------------------------
          refsysname     GRS80
   max_degree_refpot             8
            gmrefpot      3.98600500000E+14[m**3/s**2]
        radiusrefpot     6378137.000 m
          flatrefpot      3.352810681183638E-03   (1/298.25722210088)
         omegarefpot      7.29211500000E-05 1/s
----------------------------------------------------------------------
            topo_shm     etopo1 ==> for Bouguer anomaly and geoid
       crust_density     2670.0 [kg/m**3] ==> for Bouguer anomaly and geoid
       water_density     1025.0 [kg/m**3] ==> for Bouguer anomaly
----------------------------------------------------------------------
    number_of_points           167
      latlimit_north       54.827500000000    
      latlimit_south       49.104160000000    
      longlimit_west       14.341920000000    
      longlimit_east       23.607150000000    
----------------------------------------------------------------------
description of columns -----------------------------------------------
 1 identifier (from input)
 2 longitude  (from input)    [degree]
 3 latitude   (from input)    [degree]
 4 h_over_ell (from input)     [meter]
 -------------------------------------
 5 gravity_anomaly_bg           [mGal]  gravity_anomaly_sa + Topo-Term    
----------------------------------------------------------------------

end_of_head ================================================================
KUT8          19.35997000   52.22748000  1.053540E+02 -1.247559016068E+01
7             17.75140000   54.54480000  2.128200E+01 -9.796455544248E+00
RYM_N         15.53817000   53.94521000  5.703100E+01 -2.479833156646E+00
49            16.58581000   53.95390000  1.173270E+02 -1.357757924258E+01
57            17.40543000   53.99528000  1.728460E+02 -2.535663502663E+01
59            17.97564000   53.79454000  1.307770E+02 -3.935808494302E+01
54            17.53314000   53.45042000  1.137360E+02 -3.898145251713E+01
34            14.38884000   53.12744000  1.890100E+01 -5.804625701348E+00
61            17.93809000   53.31295000  6.729000E+01 -4.571055259705E+01
105           14.49396000   52.78498000  4.943200E+01 -2.825551695640E+00
119           15.75819000   52.96897000  6.201300E+01 -8.504261568570E+00
128           17.48949000   52.99251000  1.420220E+02 -3.523026098140E+01
2501          19.03338000   51.86839000  1.397190E+02  9.397318943307E-01
106           14.64170000   52.59148000  1.526600E+01 -1.340604053973E+00
125           16.87537000   52.41556000  8.800000E+01 -1.383280650816E+01
109           15.07286000   52.31125000  1.060000E+02 -1.897863105691E+00
108           15.09060000   52.05401000  8.108600E+01 -1.779819526105E+00
115           16.12077000   52.11211000  6.815500E+01 -5.132302099564E+00
123           16.64437000   52.08395000  6.824700E+01 -7.510994944679E+00
BPD8          23.12484000   52.02408000  1.417350E+02 -2.933477683319E+01
SID8          18.70000000   51.57467000  1.542100E+02  3.585044967614E+00
LOD9          19.41715000   51.77144000  1.972590E+02  6.190346511336E+00
RWM8          20.26012000   51.75577000  1.489560E+02  6.854188528719E+00
WLD8          23.55961000   51.53609000  1.555770E+02 -3.161110878522E+01
2507          19.70364000   51.15200000  2.364400E+02  1.171745384731E+01
OPL8          21.97048000   51.15553000  1.458490E+02 -1.954281934565E+01
CHE8          23.47658000   51.12505000  2.058340E+02 -3.648521037424E+01
KLC8          20.62831000   50.88009000  2.652610E+02  4.116074201195E+00
1901          23.48242000   50.88184000  3.066540E+02 -4.084490545457E+01
BUZ8          20.71418000   50.46399000  2.306920E+02 -7.596160352688E+00
BIL8          22.72950000   50.53313000  2.009670E+02 -4.652193153992E+01
309           23.58378000   50.60292000  2.876700E+02 -4.651122434228E+01
MLC8          21.97241000   50.07352000  2.223530E+02 -4.151807179496E+01
HOZ8          23.37036000   50.18718000  2.554380E+02 -5.841899923006E+01
KRO6          21.77600000   49.68655000  2.787630E+02 -4.002940508019E+01
PRZ8          22.76082000   49.78174000  2.015780E+02 -6.141464224951E+01
PL05          22.20083000   49.57583000  2.846730E+02 -5.014986686085E+01
USD8          22.57753000   49.43735000  5.133430E+02 -5.780491533449E+01
805           22.09700000   49.25367000  5.851130E+02 -4.346547397097E+01
16            19.82810000   54.38534000  4.373000E+00 -1.439307536021E+01
27            22.86831000   54.36840000  2.614580E+02  2.921137180264E+00
23            21.74361000   54.21320000  1.220000E+02 -1.646278645160E+00
66            18.92366000   53.73160000  4.548000E+01 -4.655622932688E+01
67            19.34977000   53.92339000  1.400000E+01 -3.805554399320E+01
EXC1          20.67083000   53.89085000  1.553950E+02 -2.278093914455E+01
64            18.62948000   53.58926000  7.691600E+01 -4.964954291503E+01
68            19.08605000   53.51697000  9.346600E+01 -5.099420114233E+01
79            20.28291000   53.58370000  1.694960E+02 -3.742806019148E+01
78            20.43029000   53.35968000  1.887060E+02 -3.845206135873E+01
87            21.34562000   53.59857000  1.342640E+02 -1.980329948505E+01
91            21.93707000   53.40606000  1.179010E+02 -1.573646466595E+01
97            22.79028000   53.40448000  1.836410E+02 -8.438859456240E+00
102           23.35479000   53.65201000  1.524520E+02 -1.003794886644E+00
69            18.94711000   53.27510000  1.033400E+02 -5.236852517146E+01
71            19.40054000   53.25792000  7.217700E+01 -5.059672455883E+01
83            20.89563000   53.25738000  1.256530E+02 -3.209486452729E+01
137           18.25999000   52.80042000  1.011750E+02 -3.899137931001E+01
148           20.19891000   52.38941000  9.165100E+01 -1.812416452525E+01
160           21.46070000   52.59404000  9.705700E+01 -2.351344272373E+01
163           22.25225000   52.40871000  1.678130E+02 -2.420380329727E+01
BAR8          20.80340000   54.25569000  4.616100E+01 -9.534357434419E+00
135           18.25406000   52.20412000  8.555000E+01 -1.474336104844E+01
150           19.93368000   52.10279000  8.625100E+01 -5.132966355009E+00
161           21.57223000   52.18006000  1.493750E+02 -1.718888445293E+01
5802          22.27059000   54.27727000  2.007690E+02  1.918823687098E+00
GIZ8          21.76694000   54.03249000  1.070070E+02 -4.405962047122E+00
173           23.60715000   52.07402000  1.337200E+02 -2.873577356265E+01
SWK8          22.92618000   54.10029000  1.690540E+02  3.552729011692E+00
5605          20.33805000   54.01641000  1.477380E+02 -2.340029096769E+01
4501          19.76633000   53.84234000  1.358340E+02 -3.721499719214E+01
OLS8          20.49576000   53.77231000  1.424970E+02 -2.917737633765E+01
PL03          22.35944000   53.73417000  1.262170E+02 -4.332489603906E+00
ILA8          19.55446000   53.58687000  1.246240E+02 -4.676814156813E+01
MYS8          21.34600000   53.38263000  1.264190E+02 -2.398568561912E+01
SOK8          23.50682000   53.40720000  1.643030E+02 -6.280396101275E+00
3706          21.21223000   52.98188000  1.111600E+02 -2.840677805541E+01
LOM8          22.09166000   53.16388000  1.446730E+02 -1.867938565112E+01
BIA8          23.14757000   53.12018000  1.480760E+02 -1.387256866208E+01
SIP8          19.65208000   52.86027000  1.175260E+02 -4.062736682453E+01
CCH8          20.61792000   52.88419000  1.126900E+02 -3.302458378005E+01
OSM8          21.89203000   52.79733000  1.187450E+02 -2.369612641406E+01
BRS8          22.83465000   52.75041000  1.327880E+02 -2.211076157933E+01
HAJ8          23.55887000   52.73237000  1.646670E+02 -2.164301951592E+01
BOG8          21.03420000   52.47469000  1.082230E+02 -2.095774973081E+01
SOC8          20.24144000   52.22057000  8.777600E+01 -1.051223991911E+01
JOZ8          21.03278000   52.09855000  1.076090E+02 -9.969128953247E+00
RYK8          21.93820000   51.62414000  1.415100E+02 -1.662399020553E+01
177           15.53203000   51.96528000  9.400000E+01 -2.830748119980E+00
187           16.57217000   51.84854000  9.434600E+01 -6.713333851912E+00
195           17.49885000   51.97088000  1.202640E+02 -8.865689526736E+00
179           15.52960000   51.56478000  1.237100E+02 -6.742389819070E+00
180           15.56631000   51.26255000  1.930610E+02 -1.139088713911E+01
242           16.10485000   50.92088000  3.329160E+02 -1.847046335788E+01
243           16.03541000   50.78001000  4.424410E+02 -1.951966321453E+01
246           16.70493000   50.89288000  2.033120E+02 -2.176441983279E+01
253           17.28267000   50.95002000  1.291820E+02 -2.070150391221E+01
301           18.32649000   54.82750000  4.147700E+01 -5.429611160474E+00
251           17.35129000   50.45584000  1.934530E+02 -3.105111442523E+01
RED8          17.11841000   54.47167000  5.626200E+01 -6.793729282009E+00
5403          18.43221000   54.46071000  1.719790E+02 -1.599237524453E+01
4001          14.81746000   53.93241000  1.388800E+01 -2.048985578038E+00
KOS8          16.17792000   54.19402000  2.058600E+01 -3.253870938894E+00
KOS6          18.00010000   54.12736000  1.843140E+02 -2.780810416907E+01
5501          19.08789000   54.28769000  1.216000E+00 -2.331031287258E+01
STR8          18.50610000   53.96876000  9.999200E+01 -3.756490353531E+01
4002          14.34192000   53.84583000  1.343000E+00 -5.299096525080E+00
CHO8          17.54639000   53.69354000  1.503620E+02 -3.572923582922E+01
GOL8          14.83539000   53.57088000  6.368500E+01 -5.102190277481E+00
DRW8          15.81247000   53.53755000  1.159080E+02 -9.265310470591E+00
4206          16.94281000   53.44089000  1.408460E+02 -2.795861928536E+01
CHN8          15.40019000   53.15469000  6.032000E+01 -6.634128127285E+00
4208          16.28778000   53.22972000  1.433840E+02 -1.651154349699E+01
3404          18.76577000   52.58755000  9.757100E+01 -3.182239445656E+01
221           21.61784000   51.89765000  1.322260E+02 -1.318917997145E+01
232           22.37740000   51.92998000  1.610050E+02 -2.432949303507E+01
352           23.55415000   51.76318000  1.544200E+02 -3.035777050316E+01
PIT_N         19.65629000   51.46984000  2.057190E+02  1.267260431456E+01
213           20.58226000   51.61576000  1.581540E+02  7.330914459493E+00
218           21.12304000   51.40240000  1.616110E+02  9.771135663346E-01
224           21.57140000   51.35857000  1.644420E+02 -8.692529823361E+00
PPI8          16.74445000   53.15925000  6.053800E+01 -2.408107663193E+01
235           22.89996000   51.63742000  1.498170E+02 -3.018149569201E+01
217           20.85780000   51.13254000  3.136360E+02  4.858567625755E+00
284           21.21933000   51.02590000  1.928520E+02 -3.548546553952E+00
LUB_N         22.50587000   51.27039000  2.160620E+02 -2.874795472217E+01
CYC_N         23.13417000   51.30192000  1.713710E+02 -3.436038377806E+01
255           18.21932000   50.97036000  1.823450E+02 -1.193053137128E+01
286           21.85830000   50.88389000  1.876690E+02 -2.126839391916E+01
WYS_N         22.66639000   50.91005000  2.398420E+02 -3.697502854603E+01
261           18.30109000   50.51209000  2.339230E+02 -2.520940700406E+01
265           18.62712000   50.39896000  2.269700E+02 -2.424329684446E+01
275           20.02633000   50.35737000  2.968940E+02 -8.249245595881E+00
288           21.54082000   50.49837000  1.530550E+02 -2.218045002188E+01
295           22.14260000   50.51825000  1.597780E+02 -3.617750205755E+01
267           18.20551000   50.08733000  1.913660E+02 -3.462205697604E+01
277           19.22000000   50.03709000  2.446500E+02 -2.484772160549E+01
311           18.51070000   49.91463000  2.420160E+02 -3.417466328744E+01
323           19.93630000   49.83406000  3.056420E+02 -2.048970427517E+01
324           20.42416000   49.96857000  2.412330E+02 -1.728574670161E+01
331           20.92448000   49.98854000  2.214530E+02 -2.096034903707E+01
314           19.00670000   49.53779000  6.746980E+02 -3.061656267027E+01
320           19.69737000   49.48030000  6.204900E+02 -2.420303982272E+01
326           20.43671000   49.55943000  3.697160E+02 -2.081876252963E+01
333           20.94871000   49.62966000  3.681290E+02 -2.419509951883E+01
328           20.71585000   49.44072000  3.931120E+02 -2.153201261113E+01
USG_N         22.65030000   49.10416000  6.598880E+02 -5.348230527859E+01
GWW9          15.19022000   52.74746000  1.171950E+02 -3.316620116443E+00
PL02          15.55250000   52.57833000  6.494100E+01 -4.141495335439E+00
WRK8          16.36430000   52.71562000  5.556400E+01 -1.294223591418E+01
GNI8          17.58454000   52.52846000  1.798600E+01 -2.373626035207E+01
NTM8          16.11883000   52.31845000  7.413400E+01 -6.279655011731E+00
BOR4          17.07404000   52.27506000  8.084800E+01 -1.275965228523E+01
ZAR8          15.16164000   51.64467000  1.467170E+02 -4.960280701497E+00
GLO8          16.05095000   51.65827000  1.203730E+02 -6.800037708959E+00
2304          17.09995000   51.62822000  1.088510E+02 -8.253792410055E+00
2402          18.36019000   51.70181000  1.448890E+02 -1.012067426564E+00
2108          15.03345000   51.18849000  2.157730E+02 -1.126687724002E+01
LEG8          16.16397000   51.19829000  1.226570E+02 -1.435373870473E+01
2309          17.10823000   51.20025000  1.384260E+02 -1.515319936366E+01
KEP8          17.97637000   51.28361000  1.666380E+02 -7.146661693215E+00
2110          15.62400000   51.00259000  4.815070E+02 -1.511941814009E+01
KLD8          16.64839000   50.42797000  2.903060E+02 -2.637023793305E+01
KLO8          18.94035000   50.91213000  2.349730E+02 -2.596626517802E+00
PL01          19.20194000   50.51222000  3.272170E+02 -1.190549236263E+01
LEL8          19.63307000   50.68504000  2.550260E+02 -5.647708648111E-01
KAT8          19.04334000   50.24772000  2.608690E+02 -2.244500482977E+01
ZYW8          19.19145000   49.68822000  3.460500E+02 -2.904524098616E+01
